1
5 21
17
66 90 172 162 153 123 194 117 250 172 153 176 193 20 122 223 76 252 149 131 22 64 5 131 68 180 222 130 244 136 69 103 147 192 145 15 157 179 248 14 15 230 198 208 188 184 225 111 98 92 211 132 144 108 115 148 161 188 67 231 192 190 94 176 113 229 108
90 175 173 50 138 172 178 80 231 115 84 85 211 201 136 212 99 21 117 245 236 186 60 251 46 170 228 39 109 61 240 127 108 214 98 159 1 243 153 71 85 46 12 12 211 109 61 175 200 152 113 4 40 216 122 144 184 214 107 240 223 196 63 247 199 151 231 45 81 24 191 13 241 165 159 229 124 228 119 121 210 243 90 109 131 132 221 122 201 175 9
81 68 115 254 216 52 213 225 113 231 113 166 58 16 241 141 146 122 217 90 182 216 109 63 5 143 25 218 34 65 126 75 178 40 135 88 81 88 193 176 15 22 51 26 178 213 127 86 26 245 29 163 86 242 28 104 168 18 12 111 136 175 43 240 99 112 120 142 43 12 91 184 15 100 124 200 97 202 55 24 123 248
44 176 169 196 222 221 188 239 89 239 54 75 177 2 111 161 170 85 216 66 72 83 27 209 94 190 34 30 173 34 39 184 54 56 61 129 1 172 146 39 23 204 208 139 72
38 181 39 207 48 36 126 148 197 234 40 137 137 138 88 175 148 93 205 244 16 136 18 64 155 75 97 76 114 82 252 120 175 250 185 93 6 196 2
56 207 199 14 11 129 251 191 167 79 152 238 247 200 61 11 108 192 180 226 211 165 249 29 30 169 120 215 140 14 232 173 247 49 159 137 96 38 244 123 132 203 146 238 76 141 65 67 249 176 33 101 108 105 58 126 123
40 138 250 75 72 67 174 200 14 222 73 4 197 63 160 59 4 231 102 107 36 17 149 200 205 170 153 66 172 55 58 244 178 104 84 216 150 15 57 168 141
8 29 65 134 146 147 252 101 183
41 208 111 162 125 179 77 235 7 76 248 213 7 121 153 65 83 220 55 196 67 190 108 249 236 123 113 199 190 62 82 169 101 228 124 62 235 233 69 140 169 230
17 231 194 63 32 240 179 136 203 64 238 23 179 79 142 43 122 77
91 154 79 31 78 208 91 222 145 187 23 179 109 112 122 157 90 173 203 65 156 162 222 183 28 236 223 251 61 82 192 206 213 115 11 100 26 59 6 33 71 168 92 251 43 229 167 159 201 163 135 112 117 232 2 218 112 221 255 71 200 96 77 69 62 131 249 187 97 67 128 36 165 8 191 176 164 28 102 209 188 95 177 156 143 64 150 246 82 80 177 252
90 104 88 175 46 190 224 13 45 226 91 88 3 218 184 188 122 12 74 4 20 76 108 55 165 112 238 122 199 135 117 227 144 17 143 55 96 86 250 80 115 182 170 160 7 180 115 183 84 67 43 133 123 3 131 32 22 131 238 53 59 241 254 231 159 182 132 200 150 52 26 15 112 120 97 237 228 64 94 147 178 120 158 68 38 244 70 232 93 133 225
25 4 38 73 149 239 246 60 70 221 43 59 79 48 127 55 21 162 156 213 174 99 187 192 106 117
37 246 22 55 94 212 21 235 94 42 148 255 20 36 92 113 249 122 5 187 110 246 9 116 142 201 104 243 71 18 42 37 127 200 179 141 12 70
9 46 21 231 160 135 207 6 78 48
66 224 70 92 190 235 137 43 73 132 206 189 27 50 182 224 34 20 92 109 33 21 184 66 101 192 117 86 12 9 246 221 12 131 50 107 34 65 89 207 15 21 230 152 33 69 130 73 186 238 106 3 16 163 112 1 116 157 17 61 241 221 246 86 34 83 101
50 79 128 50 61 53 239 157 148 32 226 183 159 183 68 95 140 11 99 172 35 167 73 234 2 168 109 15 12 107 164 14 74 65 146 68 205 160 139 129 225 219 86 170 165 61 107 211 201 71 60
1
2 154 2