4
11 249
38
37 202 22 250 142 189 73 69 250 227 164 232 79 234 194 185 204 221 214 224 16 231 178 174 121 161 41 48 156 180 95 252 91 126 198 186 140 6
14 221 95 251 200 134 229 83 200 12 249 127 146 131 17
100 198 74 174 168 150 183 104 39 104 99 12 213 200 98 44 164 178 17 153 17 223 32 201 36 211 71 199 100 173 1 15 218 32 1 35 94 142 111 117 111 121 39 248 21 194 185 27 169 122 4 205 188 156 4 137 158 108 22 183 109 69 13 155 62 198 13 200 90 200 245 31 0 195 233 52 142 8 208 200 218 173 29 8 99 77 129 148 180 87 188 163 60 193 52 115 70 150 107 30 165
53 179 48 107 181 32 190 71 165 138 184 235 174 234 238 164 210 58 249 69 74 238 194 127 206 188 81 124 105 164 76 213 92 84 230 31 174 13 57 171 57 93 110 55 0 246 218 84 129 96 130 177 110 232
12 52 135 41 151 75 215 202 8 104 64 85 79
67 130 34 237 118 54 13 61 254 252 150 241 165 71 97 75 57 147 59 183 197 243 251 116 241 213 218 211 109 120 166 52 162 198 117 45 222 191 113 176 27 151 247 24 216 103 177 123 159 215 234 31 18 48 126 231 158 131 26 11 145 81 173 31 66 205 192 166
74 58 120 19 191 119 123 178 253 239 218 205 136 202 11 253 205 22 224 238 245 111 138 191 251 140 226 32 111 184 54 156 38 49 255 108 230 219 85 139 61 227 97 237 33 45 220 197 36 5 24 226 5 245 193 99 58 198 47 160 208 139 69 210 34 140 230 170 155 97 102 66 50 186 138
13 185 138 101 9 235 116 32 206 92 54 186 24 207
86 241 243 240 48 248 127 197 134 224 151 242 254 238 143 197 64 183 12 104 150 241 231 196 16 220 105 110 238 203 225 191 217 9 59 157 14 170 69 73 223 208 232 227 63 79 110 252 53 4 103 152 58 90 71 132 158 200 137 104 99 2 139 207 126 61 226 45 4 139 1 249 150 213 24 58 184 193 224 174 38 51 209 209 44 84 223
68 60 37 243 104 132 26 244 175 211 0 113 119 60 146 241 99 5 245 88 11 100 40 76 98 186 64 78 245 247 61 106 125 147 104 213 222 201 225 8 247 174 203 186 247 6 218 65 218 107 33 158 223 53 237 31 101 68 84 94 155 161 202 28 185 246 130 251 248
22 199 220 173 120 188 209 206 126 98 85 153 241 1 176 119 189 193 174 14 45 148 164
14 254 4 229 166 202 5 68 52 103 57 128 177 36 22
74 250 48 195 138 50 246 47 66 111 79 158 73 44 223 13 253 103 91 84 91 74 188 232 109 12 76 204 22 183 179 125 5 186 118 162 82 40 69 29 123 33 39 224 127 130 235 86 139 144 42 70 17 85 184 23 26 184 148 202 154 111 108 138 151 76 209 57 139 97 226 93 252 166 15
12 201 39 216 10 63 1 4 142 40 110 87 94
38 130 176 10 6 131 110 184 4 232 91 67 51 240 96 182 111 242 149 219 43 38 215 160 70 131 18 168 91 201 213 21 230 109 90 140 152 116 212
22 192 110 148 35 227 0 128 103 138 44 123 76 75 82 160 40 184 201 235 77 245 107
74 166 153 192 84 189 147 145 245 175 117 50 195 160 92 66 173 20 207 96 88 214 208 190 162 154 108 42 254 103 235 149 212 131 233 229 167 1 215 56 68 222 255 175 203 31 43 19 214 245 217 140 100 72 237 39 207 144 198 213 136 156 142 176 232 86 23 134 109 134 125 64 89 70 97
60 64 238 224 7 164 206 179 186 66 177 113 243 129 131 122 0 224 75 86 129 216 199 196 86 1 140 136 82 125 173 112 132 229 148 180 69 15 57 81 160 215 16 72 155 162 45 116 135 82 122 61 157 229 157 195 213 91 17 241 48
47 217 163 131 129 24 245 73 144 135 116 86 129 60 56 106 54 233 241 26 51 17 214 98 118 252 180 241 29 141 239 90 63 149 131 156 21 135 88 51 193 55 168 202 173 241 190 105
5 99 189 224 242 20
45 158 196 123 49 230 51 86 105 140 19 8 199 130 100 160 84 110 209 63 72 112 67 150 20 214 16 66 174 146 159 164 164 195 227 62 67 224 229 193 234 244 165 20 46 183
29 109 134 54 64 251 19 192 168 120 20 181 45 108 127 34 236 199 122 130 77 56 59 118 63 237 99 139 4 79
68 239 136 14 215 220 150 148 12 109 153 225 147 109 106 193 47 105 68 195 8 76 248 32 54 101 29 108 36 223 23 210 152 62 227 179 234 230 16 220 28 247 79 224 200 113 195 160 108 43 71 85 83 68 238 63 208 24 19 75 66 253 106 178 189 38 61 140 62
79 224 161 170 125 86 172 101 30 95 232 99 16 71 66 87 62 127 48 162 75 61 255 71 178 163 110 35 130 103 229 97 83 241 115 218 161 17 139 231 204 200 37 121 189 141 175 136 246 232 199 240 150 117 250 136 67 151 68 25 78 245 55 83 30 96 225 194 3 2 72 48 146 105 100 241 219 242 112 39
51 70 158 31 128 210 3 129 52 234 184 73 90 174 9 212 181 184 110 145 90 2 130 58 42 110 7 190 48 233 231 252 177 37 250 68 230 167 169 12 55 6 9 188 37 49 155 214 222 57 55 183
64 220 232 205 207 196 68 183 210 8 194 144 29 47 35 197 202 234 22 115 144 27 7 75 75 217 123 61 51 70 157 247 148 5 102 105 33 79 111 118 129 117 165 155 82 156 7 254 253 217 12 200 29 49 10 58 98 94 35 171 170 152 51 233 56
97 103 120 166 149 252 197 232 227 162 1 112 179 38 147 241 211 95 242 129 215 12 40 246 229 133 220 194 26 8 181 58 144 111 53 248 190 250 190 56 233 140 55 196 230 70 78 81 125 180 136 183 110 60 235 217 252 206 32 148 238 107 164 239 7 11 148 53 215 214 194 38 138 89 68 102 236 196 110 72 125 6 33 136 255 111 11 134 177 68 109 89 61 248 235 166 207 78
35 132 214 111 202 194 35 45 133 140 149 240 210 126 16 124 113 202 95 180 241 70 244 179 6 74 97 111 214 28 47 241 217 133 196 29
85 121 58 251 131 11 5 214 14 60 224 92 102 105 122 169 147 82 219 201 230 212 8 167 209 213 113 41 227 226 159 225 154 178 59 124 198 41 112 13 136 41 180 134 2 89 177 128 10 135 54 136 120 65 36 169 45 59 99 92 200 68 79 201 254 228 76 144 250 3 235 120 198 244 47 107 52 246 192 253 88 186 251 145 215 134
68 233 195 93 83 51 5 154 138 7 224 128 233 20 23 36 133 157 216 117 219 46 190 41 97 146 29 28 120 68 50 122 183 80 91 156 58 158 122 34 112 55 120 173 166 170 136 16 143 34 199 235 159 107 155 223 223 244 206 138 253 76 9 107 213 115 230 203 200
78 180 140 161 20 69 43 120 45 30 166 9 147 1 206 238 201 142 137 163 108 87 195 62 83 226 9 197 96 79 104 176 147 198 85 138 123 16 133 171 153 68 207 23 122 185 246 115 180 211 128 120 174 218 51 206 215 202 191 245 1 205 109 36 138 200 137 75 89 59 149 230 116 22 4 64 105 44 55
64 225 45 114 143 0 206 33 75 153 189 72 225 86 225 248 242 229 176 114 32 25 60 156 252 164 235 54 71 215 88 31 139 121 50 3 184 116 193 110 131 192 47 48 166 156 49 241 154 119 202 134 80 38 80 214 37 241 132 58 148 215 40 73 47
43 5 255 88 203 196 11 52 62 209 40 104 196 163 157 66 3 242 151 213 195 206 45 100 47 95 202 128 87 168 1 186 84 84 98 214 249 237 115 21 129 129 186 53
11 178 139 142 104 43 184 99 17 223 47 219
70 26 255 239 52 174 155 128 225 141 24 112 186 133 151 218 166 46 62 90 116 61 90 91 143 133 77 16 113 57 112 1 137 46 6 176 225 83 131 63 30 63 222 68 60 161 93 97 236 15 236 12 187 50 66 121 222 141 83 15 29 14 75 238 16 63 240 149 164 176 62
75 5 243 237 1 194 54 43 124 165 15 233 140 225 215 254 206 42 162 42 14 177 77 65 156 223 113 118 78 30 223 42 127 105 169 55 66 58 128 218 102 239 193 193 206 161 114 185 27 95 15 47 42 44 229 162 130 167 178 213 194 123 231 83 139 107 250 235 177 238 145 66 145 43 230 153
22 48 171 174 228 174 82 177 164 43 78 197 240 122 122 13 152 218 230 57 124 113 114
19 128 202 148 216 36 48 211 60 82 105 125 65 51 125 77 122 94 59 5
45
88 64 4 212 30 200 95 185 41 20 71 140 149 226 45 116 50 167 112 254 67 89 69 125 249 95 245 86 195 137 241 173 108 96 5 79 248 131 157 220 187 86 176 71 228 188 181 129 3 203 23 37 137 251 212 51 235 232 76 55 188 148 95 188 93 144 138 224 21 164 16 39 105 182 166 134 50 111 20 171 19 172 205 93 90 140 159 185 149
23 139 197 196 92 82 67 205 133 118 153 116 104 191 8 180 47 90 107 205 102 131 234 110
24 6 96 148 7 250 158 219 19 46 73 14 187 173 69 194 227 6 235 100 174 189 63 125 253
1 102
47 30 6 216 250 233 250 195 82 74 101 155 98 25 255 185 54 94 59 243 20 59 26 37 221 13 89 184 81 68 38 5 18 80 66 116 17 241 194 152 213 195 112 217 240 6 40 91
21 233 48 180 23 232 61 145 24 18 171 156 50 121 241 111 84 81 170 217 57 111
62 243 121 199 42 204 163 80 199 143 180 16 143 46 146 99 203 134 170 50 131 97 218 64 26 219 18 171 123 119 187 175 95 149 42 50 42 46 80 128 205 24 148 181 17 253 178 135 31 195 121 202 65 231 107 136 68 186 31 11 198 229 210
49 185 72 203 86 82 229 128 229 5 139 77 220 249 147 121 195 224 161 241 83 69 187 159 190 49 232 143 208 116 1 89 214 176 166 153 180 182 133 68 198 46 63 183 44 107 86 181 140 172
64 46 63 181 203 138 7 237 214 169 54 226 165 239 57 97 42 19 63 33 107 195 39 66 204 75 203 195 130 11 128 148 235 106 91 55 64 213 144 26 135 135 109 111 108 28 26 216 67 99 252 0 49 121 148 70 89 179 218 145 166 194 146 7 94
32 100 137 228 160 221 36 32 216 165 135 25 253 90 102 224 28 1 222 141 8 13 241 171 187 156 45 226 48 32 237 14 181
56 86 127 109 148 163 163 207 220 243 14 28 143 39 129 47 202 158 149 113 209 212 252 74 210 2 85 44 218 28 229 64 69 242 139 88 177 255 253 38 113 202 116 231 54 137 177 204 14 140 25 54 20 165 239 137 48
68 79 7 71 113 232 43 174 28 68 50 8 190 228 101 11 64 80 100 165 215 48 101 201 34 34 222 144 91 38 205 5 194 158 249 36 191 158 248 131 69 39 160 204 63 87 165 208 114 53 38 164 135 51 39 139 138 204 35 215 163 27 244 1 145 180 121 184 90
40 240 106 104 102 84 42 113 90 220 208 227 50 32 51 70 234 229 214 160 180 146 134 149 15 60 97 199 110 17 124 226 169 167 163 109 95 238 96 188 71
43 173 223 186 111 2 214 223 184 223 245 61 167 84 64 49 214 14 5 85 127 205 30 196 205 68 46 200 110 196 160 174 129 54 65 71 28 176 145 105 219 152 224 174
84 52 168 212 5 96 154 225 95 196 73 111 187 135 82 41 201 149 217 75 18 115 84 46 146 101 172 228 252 129 202 174 46 80 62 113 189 240 207 14 105 6 222 236 152 179 158 194 204 133 169 3 70 151 49 110 54 75 180 18 123 134 254 56 96 204 245 19 163 26 248 54 112 245 60 225 65 253 44 144 108 35 79 132 106
66 251 232 161 18 195 29 180 104 120 218 44 11 176 227 120 97 218 203 130 49 150 139 186 73 149 96 238 203 215 154 145 219 74 216 44 131 82 14 151 7 239 109 104 158 238 98 48 243 186 101 139 15 201 161 141 203 188 36 76 14 145 220 175 113 218 191
73 79 7 122 93 189 107 4 124 244 243 247 239 203 37 87 18 77 175 78 39 28 90 162 19 66 107 29 20 143 133 220 12 171 173 200 161 123 18 235 244 27 161 10 190 85 214 177 113 86 228 85 1 91 62 118 143 124 185 153 110 53 35 47 8 135 167 119 68 156 243 217 103 217
8 3 43 240 73 138 12 36 139
99 100 198 203 209 184 10 245 26 118 79 122 12 143 120 225 114 71 128 244 179 168 215 221 230 167 74 207 107 84 188 107 119 143 151 212 231 221 196 222 28 111 254 103 237 182 29 169 149 249 240 70 124 245 221 156 156 80 213 242 204 64 52 98 77 11 237 107 160 219 43 55 215 185 41 233 113 110 121 107 185 37 131 160 171 74 81 183 27 4 211 197 194 12 177 96 8 253 11 55
40 72 236 121 212 234 101 154 26 122 130 164 141 9 18 30 204 219 255 112 75 84 1 166 51 50 128 9 90 6 241 146 132 31 24 161 30 92 86 227 34
29 6 36 32 40 86 178 168 12 245 76 180 175 188 133 141 241 230 243 201 101 150 196 63 23 131 234 194 186 29
53 119 137 101 115 138 2 28 105 148 203 145 184 77 136 192 12 165 78 88 163 236 148 191 61 254 180 215 184 147 218 187 160 195 86 79 248 166 120 206 174 206 219 17 98 198 218 39 235 105 92 5 28 74
99 123 182 55 81 207 5 209 31 234 234 20 19 100 62 109 13 229 68 250 12 43 202 225 79 155 15 1 16 171 100 241 149 58 159 135 172 201 64 204 119 248 65 180 116 72 164 124 141 177 161 107 115 249 66 153 48 85 169 121 211 215 193 157 137 122 189 63 208 114 103 10 170 84 5 8 169 215 196 59 2 136 48 148 117 243 209 252 61 84 66 77 132 65 72 104 58 75 21 92
4 195 203 151 75
93 103 40 254 255 125 197 216 176 169 215 178 143 157 201 83 207 143 63 113 157 87 19 2 243 102 166 153 9 253 88 59 110 83 203 32 103 146 138 89 194 180 221 175 166 214 150 160 226 210 65 110 109 88 166 165 72 156 198 84 225 248 45 64 80 68 196 39 4 97 117 129 127 99 170 192 46 208 104 254 80 57 209 252 202 188 32 167 186 49 135 22 190 211
34 87 98 118 173 2 242 14 127 71 138 158 120 112 223 25 163 101 238 101 180 77 237 169 16 196 166 147 195 82 128 23 201 198 57
86 219 84 40 250 80 129 68 73 172 213 151 205 56 75 198 255 31 197 96 65 176 112 233 253 216 234 134 192 173 86 243 88 53 119 244 9 21 240 252 181 199 86 206 59 238 21 194 113 50 175 92 42 247 132 152 132 252 212 134 148 118 149 39 65 122 117 163 152 181 145 93 65 110 105 227 89 121 148 110 228 215 224 58 234 141 243
9 76 254 155 139 73 157 246 90 203
80 168 28 12 178 101 43 201 91 43 89 134 87 21 125 112 112 245 174 114 237 42 158 113 156 26 154 170 224 246 76 8 229 108 142 62 165 148 142 77 5 52 73 200 65 14 135 210 24 210 92 28 120 242 168 72 130 226 46 129 172 90 2 177 135 88 109 164 5 217 249 245 17 35 10 76 174 215 206 197 164
98 124 16 239 216 171 191 39 80 20 142 9 97 15 253 105 233 73 212 139 82 130 170 187 20 226 8 111 112 36 201 253 212 172 34 43 47 162 174 208 144 158 17 205 210 49 252 98 36 21 186 197 175 83 207 75 110 165 81 167 238 145 128 22 152 166 140 199 169 137 0 90 23 157 101 252 117 101 210 130 70 2 131 53 209 72 131 74 74 34 245 219 144 47 150 107 182 197 45
31 33 242 41 157 112 123 114 119 117 6 56 145 214 211 180 109 161 135 59 120 246 223 121 241 134 255 19 7 139 40 9
1 76
71 39 244 224 136 34 69 222 187 47 96 90 117 62 147 53 116 66 195 231 184 174 16 236 252 100 33 145 7 120 110 29 170 117 153 120 37 62 23 29 31 100 207 150 195 53 28 139 23 49 195 249 134 80 0 233 14 2 118 99 16 21 239 249 220 154 112 185 179 57 233 172
64 224 26 179 83 86 193 104 69 235 247 189 45 0 227 42 201 50 1 119 90 149 3 31 196 4 163 222 169 127 45 9 179 66 193 251 4 81 32 111 65 65 33 212 48 11 49 70 80 42 181 130 28 251 185 16 78 188 240 191 206 174 190 27 42
69 13 160 228 106 236 93 2 157 108 171 13 63 193 223 43 209 216 53 199 248 197 37 85 67 177 174 148 35 34 138 207 129 180 221 130 50 121 79 132 170 81 71 177 176 186 36 154 33 180 198 230 14 25 63 140 161 243 60 132 204 153 70 22 223 146 210 161 7 34
10 106 88 27 249 59 232 1 209 229 227
17 240 85 255 129 45 222 170 82 129 39 189 200 220 88 224 189 59
5 54 233 184 95 231
68 102 16 185 190 98 61 101 234 248 245 231 238 13 30 52 15 202 254 212 248 180 196 154 127 169 239 38 111 77 144 132 237 102 73 26 228 88 116 82 198 159 30 158 29 67 75 102 40 72 97 191 48 188 255 174 138 234 84 127 226 175 0 147 79 166 107 254 69
80 249 32 113 245 218 180 55 1 157 106 31 3 122 219 220 75 105 202 163 220 96 99 136 138 216 195 76 139 115 132 145 189 217 7 88 48 95 155 196 50 184 109 111 255 106 140 247 230 110 149 33 129 111 13 31 29 210 76 55 250 143 159 22 66 44 237 210 128 234 242 8 39 201 23 241 233 190 139 169 1
89 69 103 20 126 35 95 142 65 158 179 6 111 166 153 139 252 98 52 183 215 219 39 216 57 22 148 218 107 204 0 56 36 88 78 240 181 9 41 208 39 219 246 36 55 91 177 229 109 206 78 73 171 116 117 78 89 47 253 164 193 69 138 55 149 119 244 11 65 33 199 63 65 248 0 239 99 205 227 58 83 156 252 246 194 62 85 134 19 170
40 94 209 28 97 117 254 154 59 202 118 7 36 176 232 240 94 48 75 43 43 9 181 169 33 241 37 21 26 90 251 192 210 252 54 45 172 244 21 178 138
76 197 20 34 250 194 98 94 82 224 85 169 191 167 184 107 212 251 77 220 228 107 75 153 22 117 77 209 160 54 105 59 21 27 129 191 131 119 142 176 23 112 37 132 109 206 33 225 122 79 134 26 97 85 43 173 73 52 67 216 51 250 205 171 22 215 110 223 43 223 15 10 66 12 95 21 250
69 44 253 241 141 5 234 12 88 111 231 69 154 45 65 197 225 154 114 78 217 24 35 61 80 2 80 18 41 62 159 219 231 220 113 51 130 112 162 251 32 202 124 239 94 152 40 226 113 114 83 176 203 50 125 48 212 163 151 186 186 177 211 183 189 235 2 167 67 115
57 252 136 178 214 64 91 237 24 15 203 145 244 212 237 57 216 133 236 238 199 40 238 70 15 9 175 54 117 48 154 254 105 5 188 112 85 8 245 148 93 59 31 107 12 17 145 77 131 223 93 165 11 147 112 208 208 19
9 76
21
38 183 82 206 250 247 68 78 227 51 134 7 90 15 15 76 112 24 243 203 37 199 77 78 115 195 64 72 137 49 70 244 9 26 118 251 209 144 245
26 145 212 3 226 53 243 119 14 116 91 143 115 1 251 248 132 130 135 253 33 103 193 233 158 232 25
44 76 158 131 65 238 105 227 123 65 170 201 142 68 101 137 181 29 39 153 189 28 250 120 151 19 171 254 205 182 135 157 67 164 217 91 242 94 67 169 128 83 26 217 233
52 56 8 24 170 123 38 92 253 98 120 114 150 199 54 101 177 204 26 40 241 113 229 11 73 48 163 254 10 24 3 239 17 97 139 101 245 189 125 98 170 168 115 112 45 172 14 30 80 65 248 54 204
35 108 191 169 161 85 218 206 165 206 85 224 79 179 207 85 30 34 46 29 125 233 25 238 145 176 115 166 130 254 127 17 187 11 126 41
47 134 236 4 171 91 167 113 24 66 190 101 130 179 193 156 183 175 23 72 207 17 87 96 25 102 71 146 67 235 27 107 46 212 156 196 182 244 158 119 144 120 247 98 154 214 80 112
38 177 207 169 163 220 241 45 66 215 173 239 131 231 67 7 1 43 180 129 138 155 17 86 248 69 7 5 144 61 78 218 254 25 21 187 203 55 190
99 129 218 220 242 65 163 8 179 42 11 207 70 74 84 232 94 15 172 251 115 76 209 52 49 85 127 59 78 104 17 252 209 239 132 212 232 36 220 191 198 95 144 126 140 122 177 177 159 53 93 89 81 95 72 48 89 254 4 87 253 186 218 225 172 141 193 83 247 129 95 96 228 19 114 195 118 100 108 39 246 159 205 32 96 228 76 195 191 58 8 184 219 16 130 19 97 186 65 170
34 237 217 90 131 42 87 198 187 69 129 124 187 177 126 116 180 108 201 44 38 180 58 28 215 81 142 171 49 222 157 124 254 197 198
65 94 76 9 221 117 232 83 176 241 194 130 136 120 38 204 186 53 209 202 61 225 227 162 155 77 196 34 145 134 194 173 129 204 121 222 4 250 219 60 132 161 9 171 243 31 29 226 106 30 246 123 37 205 120 27 90 184 153 240 9 161 84 2 100 32
33 248 165 179 200 236 44 41 60 57 243 106 240 16 246 48 76 197 196 27 204 143 127 48 115 44 12 121 117 192 63 185 138 90
7 84 69 85 232 178 74 174
60 161 156 19 245 146 27 105 221 186 183 89 164 21 1 199 221 136 74 228 243 96 60 45 111 255 11 99 130 90 192 246 57 199 165 255 56 47 102 12 147 228 222 217 6 202 247 107 227 252 82 82 140 126 163 42 119 178 255 159 150
44 208 24 15 175 190 170 31 17 184 142 49 30 184 211 241 163 152 218 163 155 164 157 154 145 226 231 190 209 163 7 41 218 27 77 90 199 188 171 114 151 101 244 61 251
68 252 9 117 193 169 38 121 168 133 60 39 5 141 4 189 239 1 77 166 175 86 68 96 183 249 226 95 46 112 218 212 67 17 226 171 207 169 59 41 26 248 126 252 239 56 33 138 72 78 224 135 106 12 8 208 173 59 95 174 56 93 134 253 226 245 231 25 189
50 176 88 143 153 141 238 60 254 207 251 48 22 125 167 126 112 245 161 58 44 22 222 73 155 91 149 50 226 202 173 115 187 214 26 83 174 231 179 6 105 33 59 10 121 106 183 214 203 130 106
23 205 188 212 139 88 107 74 17 67 252 131 241 156 80 108 210 136 27 22 121 186 250 76
80 10 4 60 40 235 239 243 159 176 209 200 28 171 216 189 95 196 98 199 5 23 94 231 86 102 26 19 254 224 83 116 180 1 149 75 31 213 64 181 220 125 66 53 164 159 44 90 33 158 106 240 129 252 7 23 114 140 161 234 228 68 91 93 109 8 191 48 113 170 213 150 55 25 77 138 191 86 180 174 81
19 160 78 252 161 53 6 47 124 54 188 73 247 36 84 180 245 225 204 204
4 73 188 238 177
35 237 162 75 225 242 225 187 15 222 139 153 119 154 151 166 99 151 60 93 94 254 154 167 143 91 74 210 232 194 26 145 73 73 48 114
21
83 113 176 194 132 181 230 146 252 171 13 125 197 252 123 201 120 46 25 172 212 66 104 202 172 175 107 160 144 65 249 6 125 204 137 47 218 3 214 23 103 74 54 200 67 36 252 50 20 209 132 38 118 8 205 65 51 41 33 136 65 116 81 66 54 38 60 236 161 103 113 53 181 228 42 26 69 221 253 205 130 134 184 228
43 165 136 199 137 72 154 57 240 96 146 142 112 13 8 30 10 244 49 122 192 212 70 47 49 75 3 154 217 113 187 11 95 107 33 165 29 193 237 118 244 247 12 138
24 113 225 242 97 241 155 196 191 238 220 126 204 53 168 68 150 189 95 228 13 101 96 157 214
12 238 200 227 92 194 175 39 49 182 254 102 79
97 232 148 221 147 100 238 58 119 223 85 27 124 169 158 112 36 175 65 165 100 86 5 189 185 203 59 65 30 202 148 117 145 244 253 186 248 207 178 240 71 69 205 118 249 133 125 213 157 49 235 33 122 209 166 136 1 224 218 212 159 138 1 199 2 137 173 208 31 170 241 125 169 156 217 54 147 201 189 219 239 32 203 84 20 228 182 7 196 236 65 93 96 42 207 117 231 222
1 87
25 143 188 58 181 29 145 172 88 181 225 144 235 38 21 5 133 220 229 124 9 54 252 172 118 80
72 234 61 18 56 63 184 209 93 192 129 164 198 142 233 59 207 115 180 43 88 166 98 35 41 216 183 59 97 49 135 62 161 54 164 244 62 145 154 202 183 247 84 13 192 17 38 135 173 134 247 200 109 16 104 231 28 69 6 34 81 158 112 89 74 7 220 192 40 142 230 172 73
57 63 149 243 27 2 199 27 161 44 36 63 124 90 166 92 92 114 64 91 178 160 57 131 103 218 44 244 245 3 174 128 80 141 80 176 251 23 19 253 109 3 104 43 190 107 77 95 29 65 159 251 2 187 55 153 211 81
93 159 92 203 40 86 156 137 244 106 217 164 34 109 201 85 105 8 207 181 64 183 158 46 205 94 204 193 54 147 66 247 147 64 43 41 28 24 69 154 123 250 219 105 3 164 117 33 159 43 147 83 105 55 55 109 183 116 134 71 151 105 132 22 50 147 95 0 124 189 72 97 39 133 218 20 39 0 178 63 243 39 170 210 252 195 161 30 2 216 21 144 94 33
81 77 110 138 150 170 160 70 242 70 116 138 87 161 56 133 130 219 57 130 230 238 101 38 53 160 174 70 42 77 32 92 230 54 174 159 127 52 110 43 179 183 176 12 70 160 82 226 8 216 117 219 213 209 11 62 26 227 118 173 81 35 100 149 42 217 154 153 188 195 120 36 123 213 75 112 6 192 168 108 16 167
84 241 82 29 223 136 189 44 15 147 248 229 90 130 212 63 58 69 208 166 106 217 22 144 35 35 55 132 96 242 243 186 23 137 22 142 243 101 117 42 130 210 81 190 223 198 205 83 46 83 141 104 107 95 99 143 99 245 128 230 85 249 67 247 145 236 15 156 64 180 206 161 122 160 232 180 32 161 29 81 168 27 7 151 31
24 135 7 122 48 191 216 17 138 57 74 241 93 236 181 2 77 73 187 24 189 153 112 98 167
22 102 7 235 14 95 58 103 126 243 191 17 223 144 125 220 46 11 82 157 226 235 219
67 85 136 243 11 75 204 253 192 249 50 18 159 45 122 64 223 143 239 63 95 140 64 183 53 11 191 97 99 26 15 96 112 174 143 17 32 191 123 238 205 134 60 160 87 164 194 95 127 16 2 125 192 208 55 37 204 35 43 77 106 76 60 178 185 87 135 125
14 106 40 209 27 156 234 248 88 37 94 27 68 132 207
54 98 168 222 252 125 127 83 94 239 32 64 84 148 117 18 172 198 84 135 106 43 33 97 187 155 139 31 37 86 141 56 182 214 33 28 219 75 171 139 88 101 97 187 243 76 8 177 185 136 105 171 168 180 51
4 12 131 205 145
14 142 251 232 218 62 54 73 176 223 191 42 17 23 83
10 189 142 254 224 14 238 249 137 85 53
35 73 172 101 175 19 4 54 99 94 7 149 88 171 171 62 122 242 213 69 215 3 206 184 202 52 112 58 19 71 160 117 9 36 237 197
11 156
37
74 186 140 232 203 88 208 111 219 205 246 178 242 93 68 67 86 181 200 147 92 173 89 101 182 62 139 73 100 26 195 99 174 115 40 5 98 171 215 225 103 29 194 228 194 255 123 229 66 137 19 29 19 104 117 108 34 157 104 128 101 61 55 133 210 135 96 139 116 61 180 230 76 186 95
66 204 225 187 81 182 163 121 73 38 131 48 162 108 218 45 175 222 41 46 189 237 104 170 21 115 78 165 113 156 128 80 210 216 93 39 8 173 106 71 45 122 214 39 227 236 161 154 141 25 213 214 153 48 59 28 56 31 83 124 2 189 63 216 18 135 246
48 69 87 170 59 212 237 213 4 195 35 13 78 19 114 50 241 66 172 170 251 100 47 161 179 37 99 79 56 121 179 132 239 249 17 189 9 88 65 225 87 77 236 226 103 99 214 127 34
18 41 44 148 81 0 155 157 87 239 157 23 25 125 12 159 153 217 223
35 192 116 91 205 181 40 162 41 63 8 159 232 212 23 183 81 54 147 19 215 115 104 178 189 30 62 184 126 77 25 155 163 30 215 229
93 222 223 36 142 83 166 8 102 107 154 38 224 34 36 181 82 175 108 241 224 248 222 140 132 34 10 126 107 61 104 113 161 29 245 42 36 138 204 10 50 212 221 145 152 204 133 64 93 118 216 145 112 40 24 104 163 147 112 24 56 9 197 188 143 37 173 150 208 4 122 80 190 177 243 105 212 208 176 56 225 129 247 237 64 220 118 246 97 243 190 41 85 28
60 197 94 110 28 17 205 6 87 80 39 46 71 147 146 202 25 98 158 92 139 226 249 233 229 83 202 203 193 36 109 248 56 149 0 218 71 249 155 152 49 211 90 0 209 223 223 61 204 67 129 7 11 49 173 105 161 38 107 82 24
34 190 118 227 137 182 236 123 115 185 168 199 226 12 167 52 170 174 83 23 219 151 154 124 153 212 135 244 232 235 239 26 1 250 137
60 224 94 97 152 172 38 207 242 100 45 61 13 97 38 251 61 11 146 175 55 129 8 68 49 69 92 106 206 53 187 88 117 77 8 180 191 221 165 151 143 240 105 225 88 186 195 3 81 110 192 114 207 193 116 185 144 242 218 146 106
60 216 22 49 29 91 231 87 137 244 129 158 27 255 8 175 122 241 71 86 246 59 204 75 33 24 117 171 89 245 154 26 138 209 185 41 66 98 94 160 93 33 72 116 252 216 130 151 64 61 14 88 31 118 130 6 240 1 152 196 228
67 88 142 191 201 188 178 158 20 61 79 246 109 195 64 224 136 115 243 229 136 43 104 1 137 136 83 38 83 13 80 244 109 55 98 123 4 177 107 24 22 255 87 5 210 5 146 26 45 183 211 255 166 149 156 30 235 230 55 25 203 145 125 105 127 76 153 56
38 141 182 252 157 197 70 150 250 253 122 205 198 192 202 66 21 226 84 48 2 0 99 178 113 57 117 203 132 215 149 17 243 196 78 81 167 230 86
0 
6 184 154 164 220 2 68
34 219 236 8 59 20 233 94 178 109 197 201 24 47 164 131 160 41 40 69 247 3 185 67 227 68 248 192 157 196 177 3 110 6 166
66 41 83 176 167 99 77 20 140 40 139 26 38 108 180 131 232 123 24 167 65 209 119 101 253 30 90 213 222 220 6 39 98 105 161 132 43 159 56 198 53 21 141 59 0 178 66 162 19 22 85 69 242 32 244 117 70 5 39 109 28 34 4 75 247 16 216
7 100 207 87 218 91 247 214
53 30 176 32 230 196 177 66 72 38 133 7 202 215 178 153 56 126 85 106 68 216 193 131 182 131 109 228 158 4 102 185 37 96 56 53 177 70 226 89 236 92 8 220 234 20 26 43 130 66 14 173 32 17
62 39 5 188 48 163 49 103 42 232 221 198 117 141 1 39 224 167 130 117 195 119 224 25 105 69 88 36 172 48 243 61 238 39 49 108 168 64 93 210 231 64 95 239 255 185 244 46 86 53 170 70 53 156 55 140 108 178 60 206 51 11 198
98 77 94 122 93 91 212 142 212 52 5 109 80 74 24 172 224 183 27 124 61 54 188 170 56 88 26 20 190 243 148 174 137 114 157 167 21 41 207 108 205 38 76 25 54 57 55 181 166 41 196 197 113 195 27 143 121 91 228 145 54 191 42 243 221 26 212 133 55 186 91 117 189 27 228 75 15 132 48 217 110 173 179 213 183 131 112 202 181 13 219 203 230 55 8 241 45 71 186
32 96 215 96 6 146 20 55 186 114 65 117 202 158 60 170 134 85 215 34 73 12 58 26 43 25 153 106 51 226 191 119 207
84 61 34 201 148 200 237 243 111 171 152 230 79 149 99 3 255 17 96 55 125 0 17 224 190 44 189 12 234 124 2 81 63 193 238 21 166 65 142 205 12 55 97 38 168 86 13 223 9 114 95 226 202 191 3 24 208 124 106 57 150 141 2 137 136 206 113 220 111 201 141 253 75 37 204 60 234 22 27 104 200 201 54 188 168
47 68 70 58 152 67 253 121 34 140 251 205 92 89 215 22 163 241 1 132 43 66 17 74 222 108 217 157 220 247 68 225 38 184 187 44 36 79 228 145 9 130 126 165 21 241 131 19
52 119 162 148 189 42 202 104 222 51 92 36 16 187 122 157 26 47 239 171 147 18 205 91 17 43 236 117 9 162 66 35 159 241 6 18 222 0 13 102 249 92 185 243 203 11 86 217 108 97 151 171 104
36 47 44 246 193 161 193 164 69 11 90 241 23 188 214 14 59 187 0 85 144 15 4 156 180 21 94 58 28 51 190 175 57 103 115 3 220
70 156 141 6 70 55 158 246 218 59 85 47 17 122 233 195 72 163 226 236 111 185 182 137 15 209 172 251 62 53 234 124 63 128 134 102 232 44 217 123 95 198 124 99 158 30 73 65 26 99 67 226 134 19 8 199 53 4 9 185 38 67 198 243 62 73 29 88 248 167 31
6 23 247 156 13 73 122
53 25 83 107 39 165 129 216 102 38 181 217 50 241 207 111 85 214 3 39 97 253 185 193 55 9 82 104 80 25 48 30 48 6 150 235 129 18 160 84 187 169 82 88 64 204 128 132 254 183 232 43 209 113
7 99 110 35 177 77 6 157
3 247 136 97
88 189 252 17 215 125 5 13 195 30 120 199 173 55 246 220 9 115 80 171 166 246 13 35 110 7 241 71 228 12 97 242 112 97 174 183 81 94 192 14 214 109 182 252 213 194 96 17 73 182 52 217 58 28 106 125 90 226 238 66 152 45 100 112 163 57 80 128 92 220 252 67 38 65 89 167 207 190 117 154 242 154 234 134 192 20 248 89 70
41 112 50 105 160 191 97 236 185 245 98 149 84 61 29 173 60 150 180 74 172 116 55 192 9 28 136 121 123 106 28 41 239 145 230 179 38 161 228 112 193 84
59 157 227 213 8 115 192 21 251 65 169 44 55 48 72 148 104 14 67 171 65 233 185 219 253 67 230 228 104 124 151 121 209 95 232 98 78 128 255 7 136 51 143 27 1 216 248 67 30 239 199 241 144 138 129 29 121 21 238 244
87 230 45 189 184 171 250 26 216 207 231 234 151 68 169 171 97 56 129 59 23 42 56 82 21 80 79 8 165 53 239 180 158 82 139 64 87 156 188 29 158 67 198 53 46 44 87 146 3 227 13 10 132 24 245 205 10 232 217 116 170 52 225 101 65 95 211 103 228 1 192 87 156 54 191 44 146 5 167 154 66 186 2 158 35 247 168 140
51 28 228 244 210 117 187 53 187 61 23 43 88 255 65 111 241 237 19 16 189 71 35 195 126 135 18 193 161 67 12 208 24 230 132 151 126 230 183 184 117 136 224 0 244 52 12 131 247 67 67 217
17 254 169 219 18 91 182 191 155 43 154 0 87 4 141 190 90 251
82 59 103 234 41 244 27 52 104 190 167 243 248 80 164 58 83 90 127 237 203 108 37 213 21 79 81 154 56 26 249 91 32 107 221 194 198 95 180 44 169 185 192 127 164 246 58 114 15 211 184 141 162 106 143 124 196 11 199 2 35 177 158 19 100 49 156 188 187 150 157 14 113 166 223 188 149 176 211 181 215 55 122
28
28 71 67 202 181 223 220 98 198 239 107 70 106 52 74 198 108 145 100 133 38 31 25 253 120 171 26 47 54
11 189 26 125 209 151 159 83 121 69 139 179
90 190 191 200 148 7 99 234 55 211 132 77 30 106 57 94 149 192 170 199 119 244 241 16 29 210 255 173 44 225 126 136 24 202 50 53 131 82 186 86 170 45 249 217 248 12 126 88 219 75 179 185 227 97 83 119 208 244 101 128 87 82 192 11 240 45 194 113 171 103 68 100 84 13 140 134 193 140 31 122 108 32 234 44 158 193 179 88 138 79 178
86 156 206 240 89 92 156 244 251 83 6 187 145 51 237 234 248 136 169 7 110 36 199 80 162 121 176 72 245 119 208 14 156 170 219 35 10 37 97 46 43 27 95 120 39 3 82 12 225 210 246 226 171 196 237 68 112 86 5 248 57 99 48 93 168 206 35 34 59 90 116 110 136 187 59 57 9 232 30 118 141 93 78 170 163 221 182
72 28 131 185 66 229 119 29 53 52 120 111 1 95 12 57 249 29 251 197 155 115 24 61 253 33 139 56 64 164 151 0 109 53 244 169 112 233 50 201 244 119 151 244 249 200 250 200 35 203 32 99 100 165 102 35 219 155 85 129 213 68 206 53 146 176 40 161 211 207 160 122 82
81 42 184 109 86 238 139 4 246 29 35 137 10 138 100 250 84 185 91 187 117 16 96 41 16 103 72 24 190 244 106 61 213 171 24 37 149 219 178 88 147 222 228 199 46 78 19 82 9 102 207 153 148 81 18 19 32 81 79 66 68 169 181 78 104 241 226 217 154 162 90 140 197 217 103 26 112 15 108 243 220 59
78 59 185 127 155 166 43 48 179 87 210 108 66 5 111 112 3 91 38 168 136 141 49 30 89 22 134 155 237 19 44 186 195 88 138 214 75 0 234 191 37 240 241 238 25 142 91 53 87 202 255 235 71 61 161 49 138 7 196 73 173 204 234 48 26 234 93 206 32 130 223 215 233 174 227 90 7 195 238
74 93 108 53 180 170 25 94 29 106 124 239 243 244 39 114 151 225 221 18 67 197 79 1 134 160 246 162 253 105 137 10 86 10 119 139 193 48 104 117 55 168 141 131 94 42 96 252 180 62 60 41 42 106 119 157 252 77 65 255 219 9 253 176 58 134 180 211 72 30 54 213 15 185 56
4 67 98 203 168
18 139 75 73 107 165 165 28 213 212 253 30 165 179 207 35 152 97 235
22 107 254 222 184 115 161 80 255 108 202 71 53 135 208 3 106 72 192 107 162 97 26
22 66 8 161 96 187 14 15 143 46 220 105 26 144 96 184 53 185 223 121 123 24 7
26 251 197 232 247 117 1 226 115 20 7 68 34 250 162 104 137 51 138 246 9 37 168 160 32 121 118
2 30 189
77 37 59 65 32 179 144 45 0 52 82 26 28 135 165 108 60 228 159 121 167 109 22 70 151 13 244 224 161 110 26 135 106 117 144 190 66 227 231 155 10 134 97 242 23 16 52 17 85 132 219 74 187 103 245 234 132 88 207 53 24 65 38 39 164 145 5 1 248 162 115 99 240 192 220 80 43 175
15 76 10 213 141 233 241 165 252 211 242 186 126 111 154 122
94 171 96 78 112 94 217 225 192 81 19 29 209 186 129 37 207 234 190 50 206 23 223 188 164 159 26 65 118 184 189 71 27 161 202 24 233 47 229 106 123 117 191 54 124 145 252 127 32 37 238 96 209 17 39 157 106 79 66 183 2 219 214 95 161 139 203 52 231 168 139 174 121 253 1 20 94 156 24 2 9 82 41 59 43 96 200 80 169 46 20 248 202 19 40
57 115 56 74 1 195 127 224 3 156 212 201 149 194 47 70 80 195 239 237 184 214 135 227 40 119 194 198 218 88 69 153 76 53 184 153 78 210 17 39 20 16 109 154 19 191 164 197 44 84 111 1 135 157 117 116 85 127
83 233 123 18 234 248 78 32 64 66 212 105 170 185 171 101 37 212 204 50 43 179 64 47 97 30 172 187 76 246 228 113 20 178 11 50 92 60 159 99 231 237 126 86 54 34 118 86 90 124 135 97 57 2 116 12 241 166 190 111 241 114 202 204 250 84 45 24 233 155 216 35 240 231 252 45 194 168 127 224 5 35 197 233
100 122 40 96 135 176 3 149 234 161 12 210 139 127 92 28 148 128 75 243 214 84 64 215 103 45 84 215 66 193 110 38 109 95 90 80 204 30 77 199 47 120 77 210 186 38 104 118 155 195 200 79 11 64 95 146 1 165 240 90 61 222 36 255 42 103 86 158 212 34 63 229 115 104 31 253 181 234 101 49 126 9 55 248 241 14 8 79 234 189 151 3 20 166 4 238 222 87 16 135 251
4 1 21 100 98
5 63 131 171 139 199
41 19 19 208 4 148 172 85 167 32 156 109 213 119 49 160 27 138 87 142 66 100 182 231 170 100 71 198 250 29 175 180 94 126 46 56 253 175 6 68 18 244
59 133 255 81 209 71 129 218 171 12 88 160 108 158 82 116 196 98 227 92 37 218 84 0 35 171 152 37 109 137 157 145 177 247 44 133 76 216 77 162 195 90 208 239 120 224 244 104 103 132 53 124 142 105 47 235 217 187 178 69
67 48 167 192 58 203 235 230 185 147 234 43 255 148 212 204 167 145 18 23 121 221 14 254 66 60 114 246 6 68 75 185 77 201 241 245 63 158 156 85 131 84 187 157 176 126 116 222 95 84 49 148 83 91 89 18 49 48 148 31 97 244 132 110 19 74 8 84
37 201 217 35 21 96 10 185 81 132 56 202 248 246 221 195 83 226 1 53 52 255 132 63 18 78 51 40 37 63 45 122 139 235 80 127 222 183
88 12 174 211 147 27 45 170 58 60 174 92 207 230 196 83 83 7 68 162 111 92 253 123 139 75 160 130 218 86 42 169 198 114 229 40 174 73 29 83 81 8 254 124 169 236 241 60 52 134 139 200 173 138 203 80 255 62 238 3 131 51 182 153 179 132 81 5 100 180 213 237 130 47 14 172 254 205 247 120 82 92 157 193 193 211 81 233 9
45 199 193 33 106 75 48 105 144 184 66 127 152 128 146 169 106 86 140 18 54 161 107 41 156 51 51 153 147 236 154 179 17 193 84 238 77 185 211 198 99 217 136 64 149 13
3 233
2
4 190 197 152 185
46 130 74 132 147 126 84 28 108 72 224 92 28 184 23 184 53 53 203 44 33 35 7 81 225 213 110 16 194 135 120 118 242 138 60 9 70 91 22 141 226 176 139 1 209 246 194
38
70 1 7 142 227 10 161 173 225 186 135 215 149 36 224 160 35 239 145 112 206 131 91 222 250 154 217 100 113 96 93 253 146 155 198 200 136 164 253 64 216 31 184 162 74 234 178 86 239 152 223 155 220 233 158 162 11 44 177 83 177 114 74 253 158 236 45 118 240 155 97
5 137 143 117 244 92
98 178 199 154 26 13 205 19 131 87 108 39 52 49 8 104 82 51 164 10 45 144 58 178 254 48 113 194 236 55 213 159 34 253 173 175 70 54 152 185 78 129 56 230 87 236 183 117 215 225 43 44 77 27 138 16 111 105 165 168 128 116 155 98 203 0 195 28 153 218 210 149 217 136 248 163 47 43 242 199 129 119 91 18 81 212 176 165 184 132 71 91 149 226 39 217 117 211 253
37 92 11 204 242 215 148 202 251 54 106 101 170 235 207 94 85 133 79 175 99 244 118 203 72 4 0 158 199 3 25 43 210 48 32 255 244 79
14 65 177 181 73 246 223 250 135 15 29 222 165 141 73
52 238 17 254 120 104 255 139 218 33 245 194 211 92 221 60 159 229 39 242 110 31 20 23 159 179 93 115 226 182 228 37 228 148 72 252 3 169 145 194 136 211 59 98 236 34 67 58 72 120 75 228 74
5 216 132 253 251 14
27 160 148 218 208 137 56 188 29 178 56 171 125 186 210 230 68 143 121 103 69 50 177 136 246 116 252 99
50 69 88 237 137 15 144 42 132 45 72 66 217 4 116 0 64 1 155 93 11 192 85 104 41 47 147 24 69 2 113 75 207 30 104 106 53 159 220 255 93 66 172 247 123 192 233 171 79 208 2
76 184 98 39 64 143 205 70 62 199 213 242 53 101 131 96 199 220 118 165 190 202 89 49 111 222 252 236 17 190 14 110 91 225 70 124 191 136 235 255 121 126 107 25 229 70 177 103 46 146 143 42 55 77 47 100 149 69 13 158 26 82 15 63 210 239 158 116 109 40 177 112 17 135 180 160 75
6 30 169 243 146 52 152
15 248 232 231 58 125 64 43 74 148 144 27 183 138 147 213
40 195 103 49 79 204 179 80 117 222 224 200 33 171 231 18 244 6 18 164 176 47 7 191 102 250 90 155 102 212 38 127 112 14 194 202 245 93 214 214 17
80 0 153 145 220 102 204 241 140 176 113 181 162 16 114 251 204 181 38 72 138 97 121 79 119 29 123 198 78 74 134 112 151 1 70 3 63 201 112 13 29 199 223 245 104 59 61 224 168 101 113 182 254 6 132 250 91 167 182 104 83 216 111 195 3 176 209 237 162 117 244 30 204 21 118 62 192 175 55 29 105
23 253 69 168 196 195 19 67 163 51 51 196 175 178 68 143 149 17 77 90 37 22 200 131
34 61 25 44 254 40 125 90 81 143 147 172 87 93 251 172 20 211 73 111 109 218 215 23 57 213 195 70 228 158 229 6 107 201 111
7 91 29 74 188 224 248 179
8 21 77 75 117 233 48 185 18
23 195 220 205 20 246 254 11 182 1 166 97 155 171 107 235 210 192 220 162 181 17 176 36
19 31 132 150 56 23 244 129 49 101 161 23 255 51 9 135 107 86 247 53
72 65 78 110 214 190 253 193 190 140 168 131 76 68 97 81 184 195 66 90 140 146 178 47 196 2 209 178 106 186 161 17 27 236 235 227 161 95 111 55 110 106 176 168 250 221 138 91 147 53 30 157 78 18 166 56 25 23 147 204 21 249 32 199 102 245 82 119 113 104 232 20 211
72 49 87 30 181 203 213 162 234 169 146 138 42 114 20 250 60 179 108 98 97 142 124 175 250 186 114 45 158 51 241 51 231 47 2 14 144 168 1 91 44 30 54 156 116 74 57 54 99 236 4 130 45 77 121 72 147 43 253 138 124 132 3 182 228 92 129 205 148 51 116 111 83
74 42 23 130 210 255 140 232 157 171 23 255 89 148 92 139 47 74 237 140 182 109 151 9 41 200 228 105 85 254 230 116 198 56 128 57 110 133 194 160 55 207 198 119 62 249 37 140 173 207 38 125 84 99 24 43 103 242 200 235 57 171 206 121 74 159 55 116 96 205 65 132 72 39 25
61 244 188 2 150 222 249 51 176 100 13 243 32 200 26 19 195 1 34 42 204 5 53 209 79 163 250 157 174 23 219 195 39 216 18 168 173 178 103 133 22 158 104 236 140 2 152 67 3 225 6 48 163 124 19 134 114 94 121 40 251 89
94 51 43 34 209 183 113 71 156 76 17 39 7 251 29 122 8 171 37 192 180 231 90 8 9 179 14 210 199 144 57 13 137 45 206 69 81 168 190 222 52 10 125 226 88 142 120 27 142 165 123 251 57 68 231 8 229 77 218 28 36 179 15 213 92 249 90 123 247 146 35 170 101 18 126 90 161 239 3 146 156 5 196 67 7 197 12 15 205 151 180 187 153 83 151
24 92 208 168 24 170 70 4 67 33 57 183 61 55 2 232 99 111 176 3 4 208 173 116 16
70 31 67 87 115 171 4 162 145 226 111 169 55 5 182 185 244 143 122 246 243 144 129 74 6 70 42 28 174 24 52 68 216 32 218 237 101 170 205 77 185 47 168 30 205 73 244 117 132 134 80 167 49 126 59 60 252 36 93 180 203 2 89 165 157 147 90 26 223 145 224
45 249 76 205 148 19 116 68 202 93 164 21 50 204 59 45 252 156 94 144 154 201 226 239 34 84 236 214 13 189 158 70 178 31 144 227 198 42 42 178 150 14 114 18 203 103
67 243 84 51 112 94 91 175 78 97 134 184 178 8 88 212 1 139 152 59 180 72 20 18 164 56 233 92 255 203 39 89 220 65 189 254 167 144 120 159 213 131 40 132 240 156 68 135 250 163 131 18 169 63 152 207 2 131 129 144 188 49 113 185 181 110 44 219
21 108 241 101 222 175 234 218 132 125 48 60 36 152 57 37 126 98 136 30 193 62
76 3 234 76 11 189 172 198 179 179 4 59 165 41 16 49 149 84 84 190 208 56 250 249 84 122 124 77 181 217 121 209 32 181 207 100 239 26 5 12 22 208 168 103 113 216 91 155 120 164 144 114 40 29 1 174 201 50 247 15 139 115 213 159 220 27 69 190 85 19 34 176 39 183 122 189 211
70 122 46 243 123 199 121 214 35 247 170 64 162 185 245 208 6 62 105 151 75 38 230 30 231 254 1 251 137 228 102 219 26 33 146 182 72 32 253 179 229 138 104 151 220 6 14 243 141 236 73 231 208 218 132 24 113 94 37 77 230 65 225 10 105 22 186 175 2 151 242
79 213 164 185 100 93 98 33 129 107 153 191 210 187 166 86 91 100 58 250 235 102 177 165 30 208 243 141 28 167 138 190 52 252 86 139 190 220 109 205 41 238 45 139 104 189 162 216 11 69 160 211 18 239 21 110 5 246 253 243 251 246 173 158 80 165 113 9 80 62 132 234 14 98 203 27 124 243 192 146
46 236 73 165 56 30 31 171 85 25 181 167 160 69 136 158 48 13 68 144 90 127 156 91 34 50 223 223 252 228 112 226 253 237 186 231 248 207 77 59 135 22 10 245 49 195 177
96 165 120 68 165 163 41 154 242 78 158 130 124 4 210 161 37 250 244 174 114 65 145 36 0 12 250 232 200 163 0 210 2 31 208 104 150 147 89 177 222 241 121 13 236 111 77 156 186 113 212 173 203 32 92 70 29 99 189 13 112 228 88 169 151 255 162 228 141 228 130 185 30 146 244 69 231 194 16 84 225 58 98 23 146 89 55 92 150 208 41 70 37 22 29 89 213
77 46 113 8 120 182 242 199 195 136 97 28 95 50 195 154 57 121 7 135 60 26 108 56 120 230 29 100 90 199 33 37 115 93 233 146 139 221 112 253 171 255 164 193 151 120 119 155 252 79 40 184 120 213 71 28 151 220 123 220 48 73 1 94 190 255 241 171 76 135 225 49 70 39 219 32 71 163
25 77 48 145 119 103 67 111 95 19 182 225 241 235 129 56 49 107 176 53 130 141 28 109 164 173
59 225 181 225 44 211 55 218 108 88 192 23 234 153 49 65 14 233 185 132 109 67 115 73 199 65 97 210 205 9 206 230 106 213 52 169 148 254 107 18 63 124 40 6 54 133 113 83 29 224 123 100 54 67 241 128 244 173 19 16
