5
20 12
2 5 17
1 14 3
2 0 16
2 18 13
2 7 6
1 15 6
3 2 6
3 8 6
3 11 19
4 8 10
2 14 13
3 1 9
15 33
2 11 13
1 2 13
1 10 14
2 5 1
1 10 5
2 9 5
2 0 6
2 11 7
1 10 12
2 7 8
2 8 7
1 11 5
2 13 12
1 3 2
1 0 4
2 4 11
4 1 11
4 13 2
3 11 2
4 8 13
1 12 11
4 4 2
1 11 8
4 7 2
2 7 2
3 0 10
2 10 2
1 7 11
2 2 10
4 7 14
3 13 3
1 4 6
2 8 14
20 41
1 1 6
2 14 7
1 17 16
2 13 7
2 9 15
2 18 15
1 14 6
2 5 12
2 2 13
2 6 11
1 9 14
1 12 11
1 7 2
1 1 0
1 15 2
2 4 1
1 10 19
2 4 3
2 1 17
1 7 17
2 13 6
3 13 6
3 9 0
1 10 16
4 6 8
3 12 8
2 5 14
4 13 2
4 6 9
1 14 13
3 5 17
3 3 13
1 15 17
4 2 3
4 11 3
1 12 17
1 18 19
1 17 18
4 16 2
4 11 4
4 2 0
37 27
2 18 13
1 7 5
2 0 15
2 16 0
1 30 31
2 22 13
2 10 29
2 11 35
2 28 34
2 13 9
1 11 29
2 31 14
2 14 25
4 6 7
3 20 31
1 15 19
4 23 0
4 33 19
4 24 28
2 12 16
4 33 4
4 12 30
3 18 17
3 7 15
3 5 15
1 10 22
2 30 21
16 6
2 6 8
2 5 6
2 3 1
1 12 0
4 14 12
1 14 3
